[6.5369554 7.9173746]
[ 8.928614 10.221418]
[ 9.452215 10.891806]
[10.038744 11.369237]
[10.078304 11.577445]
[10.6259365 11.657948 ]
[10.7060375 11.306135 ]
[10.819784 11.563342]
[10.721222 11.58691 ]
[10.823483 11.661621]
[11.400316 11.502705]
[11.554883 11.295046]
[11.362293 10.944711]
[11.465761 10.652043]
[11.640738 10.735891]
[11.630373 10.235942]
[11.508411 10.233202]
[11.3832245 10.22558  ]
[11.575834 10.464574]
[11.215758  9.925294]
[11.268845  9.943145]
[11.48202   9.397692]
[11.481239   7.9878006]
[11.679858   7.4673967]
[11.666748   7.3075113]
[11.733934  7.655755]
[11.732111  7.979801]
[11.783295  8.958813]
[12.151338 10.790819]
[12.100123 10.956139]
[11.951174 10.369706]
[11.960241 10.981191]
[11.829954 11.825264]
[11.5048685 11.451313 ]
[11.419134 11.739777]
[11.981029  9.862757]
[12.165652 10.797808]
[12.374656 11.3042  ]
[12.843599 11.878363]
[13.026421 11.516602]
[13.077885  9.930449]
[13.433377  9.445289]
[13.830535  8.908741]
[13.73881  8.41202]
[13.847535  8.32466 ]
[13.961624  8.105925]
[13.694496  8.458523]
[13.716955  8.036887]
[13.865455  9.886122]
[13.827515  12.0866785]
[13.597589 13.447256]
[13.085217 13.989809]
[13.523514  13.3869095]
[13.537983  11.5054865]
[13.648846  9.060197]
[13.55257    6.3860426]
[13.275609   5.4936857]
[13.395452   4.2355967]
[13.176721   3.5359826]
[13.248493   3.4579227]
[12.872479  4.475986]
[12.534223   5.4725027]
[12.595503  6.686995]
[12.7107935  7.6443195]
[12.434218  8.885545]
[12.452085  9.897713]
[12.5148735 10.68041  ]
[12.811449 11.827306]
[12.878714 11.74335 ]
[12.571666 11.69173 ]
[12.293461 12.576492]
[12.96446  10.623214]
[12.841307  9.577138]
[13.111394  8.059555]
[13.263166   7.0590005]
[13.31881   6.314437]
[13.417094  4.600028]
[13.544595   3.5089662]
[13.721446  2.655832]
[13.654074  2.3519  ]
[13.7552595  1.5949535]
[13.791653   0.6005411]
[13.78654     0.37290323]
[13.547679    0.04320439]
[13.5318985  2.048817 ]
[13.538226  2.253691]
[13.578295  4.823396]
[13.600482  8.757155]
[13.582728 11.266986]
[13.357692  13.2878685]
[11.629205 14.15226 ]
[13.362783 13.114841]
[13.0610285 11.713055 ]
[13.20761   9.637466]
[13.06179    7.3979354]
[13.02642  5.64387]
[12.7033615  3.8543828]
[12.579053   3.8259432]
[12.773321  4.813788]
[12.760429   5.8865194]
[12.678923   7.0153327]
[12.436296   7.9448977]
[12.31597   8.748866]
[12.336487 10.08124 ]
[12.533808 11.477791]
[12.553371 11.830964]
[12.729629 11.758651]
[12.585549 12.167987]
[12.802017 11.228635]
[12.783779 11.101727]
[13.000886 11.75544 ]
[13.238955 13.031406]
[13.523239 13.388525]
[13.202725 13.140518]
[11.064211 13.702613]
[13.436102 12.603106]
[13.46246  13.235417]
[13.706476  13.1133995]
[13.621745 12.949424]
[13.48752  12.716044]
[13.515884 12.513605]
[13.4249   12.406562]
[13.398975 11.461608]
[13.776517 11.507215]
[13.604601 10.593668]
[13.492902 11.823678]
[13.675967 13.215522]
[13.279225 13.567836]
[13.516661 12.548715]
[13.063547 10.129017]
[13.509441   6.7513604]
[13.496435   5.1128006]
[13.460109  5.286694]
[13.400606  4.670443]
[12.512438  4.740297]
[12.502975   5.0830765]
[12.379158   5.8921547]
[12.068324   7.8861403]
[12.109749  8.893374]
[12.037608  9.773123]
[12.20913  10.424767]
[12.4341955 11.525436 ]
[12.610133 12.150042]
[12.429393 12.173935]
[12.690424 12.075245]
[12.678751 12.248033]
[12.6510515 12.274897 ]
[12.728309 12.263002]
[12.892021 12.911444]
[13.187061 11.713426]
[13.190064 12.758671]
[13.32869  13.255123]
[13.239912 13.102775]
[13.21347  13.328117]
[13.408138 12.645447]
[13.299377 12.21184 ]
[13.44706  12.108003]
[13.467715 11.127795]
[13.523563 10.482934]
[13.710755 10.463574]
[13.584328  9.00464 ]
[13.750848  8.0243  ]
[13.624924  7.476138]
[13.402281  7.002759]
[13.544754  7.671781]
[13.502847  8.710897]
[13.67511   9.613695]
[13.338748 10.983214]
[13.2980175 11.959887 ]
[13.097063  12.5011635]
[11.429059 12.276861]
[12.128066 12.353342]
[12.23009  11.407741]
[12.19708  10.420894]
[12.069179  9.379131]
[11.950708  8.434104]
[12.04381    6.9436646]
[12.141296  5.7129  ]
[12.362368   4.0511727]
[12.446342   3.6205945]
[12.7195     2.8793654]
[12.694768   2.8645566]
[13.13665    2.0683348]
[13.091119   1.5363561]
[13.253993   2.9030926]
[13.494692   2.8373759]
[13.652572   2.5810745]
[13.382979  2.41586 ]
[13.351132   2.4426806]
[13.445499   1.4165623]
[13.456085   1.1482389]
[13.490447   1.6510141]
[13.343968   2.3459556]
[13.310484   4.8580785]
[13.460243  8.665021]
[13.452516 12.799321]
[12.846663  13.3919525]
[13.8297825 13.370152 ]
[13.886654 11.237146]
[13.695614  8.515378]
[13.808254   7.1184216]
[13.423263   5.6234674]
[13.331755   3.7690334]
[13.270277   3.0008543]
[13.486841   3.1859741]
[13.325539  3.336183]
[13.090096  4.087685]
[13.078796  5.195838]
[12.18829   6.655703]
[12.2079935  8.066056 ]
[12.188147  9.711075]
[11.927831 11.29497 ]
[11.767288 11.759933]
[11.68609  12.329324]
[12.042945 11.873415]
[12.171599 11.847748]
[12.400364 12.01318 ]
[12.118474 11.71588 ]
[12.566747  9.655054]
[12.603743  9.012255]
[12.825375   6.7735243]
[12.896166  6.096733]
[13.369558   5.3187284]
[13.33512   5.533206]
[13.269906  6.294781]
[13.347777   5.3471885]
[13.23843   6.041424]
[13.29023    6.0979085]
[13.219484   7.3003516]
[13.029741  8.779236]
[13.165005 10.671051]
[13.040309 12.914362]
[11.480558 13.070847]
[13.533297 12.93233 ]
[13.479893 12.478307]
[13.393874 10.435287]
[13.388259  8.526622]
[13.275399   6.7800527]
[13.256952  5.546113]
[13.082358   3.4346056]
[13.330071   2.8911538]
[13.2022505  2.841794 ]
[13.356953   3.8331552]
[13.172854   5.3105445]
[12.228075  6.244112]
[12.256729  8.349796]
[12.268738 10.159049]
[12.475063 12.465489]
[12.155457 12.525601]
[12.106114 11.473889]
[12.035841 10.841086]
[12.032705 10.241987]
[12.084229  9.848599]
[12.336302  9.264289]
[12.665751  8.592108]
[12.650207  7.316163]
[12.804343   5.3190045]
[12.7793    4.717793]
[13.155758   5.4846735]
[13.550706  6.374227]
[13.923055   6.3358316]
[13.689287   6.9012237]
[13.650868   7.5039396]
[13.683483  8.107208]
[13.742041 10.23545 ]
[13.544427 10.588096]
[13.702862 12.165512]
[13.395375 13.499721]
[13.610534 12.118196]
[13.619281  11.1910095]
[13.659712  9.288769]
[13.929111  7.329015]
[13.93175   5.584756]
[13.919446  4.46228 ]
[13.988381   3.7776952]
[13.80889    3.7157784]
[13.7618     3.7656476]
[13.646126  3.945286]
[13.61219    4.1881304]
[13.546636  4.52314 ]
[13.424702   5.2004666]
[13.340165   6.8748837]
[12.274884  8.37427 ]
[12.338808 10.198401]
[12.2606945 11.115229 ]
[11.96977  11.896246]
[10.647155 11.709875]
[11.717289 11.475196]
[11.972742 11.528601]
[12.163219 11.356648]
[12.331639 10.628023]
[12.331936  9.863019]
[12.831125  8.599713]
[12.914492  7.338209]
[12.9507675  6.2249613]
[13.05146   6.043661]
[13.441673   6.5884976]
[13.433781   7.5567303]
[13.531115  8.087441]
[13.195332  8.490061]
[13.249134  8.986082]
[13.289519  9.429846]
[13.340688 10.968369]
[13.070552 11.507461]
[13.040115 12.996955]
[12.078654 13.260346]
[13.609466 13.056197]
[13.801622 13.003989]
[13.557724 11.604753]
[13.861637 10.112942]
[13.589841  9.298636]
[13.437822   7.6088114]
[13.750988   6.3834214]
[13.487492  5.539402]
[13.582517  5.142175]
[13.643192   6.6175795]
[13.68703   7.503557]
[13.466299  8.723806]
[12.32032   9.479413]
[12.328618  10.8866205]
[12.309534 11.435827]
[12.236416 12.343957]
[12.114885 11.473521]
[11.845812 10.042499]
[11.873213  9.732627]
[11.731951  9.030334]
[11.907462  8.431927]
[12.045949  7.450934]
[12.357925   6.4131355]
[12.311739   5.9874563]
[13.014398   4.7868276]
[12.841006   4.2681894]
[13.269441  5.605133]
[13.679451   6.0983343]
[13.770801  6.610348]
[13.595739   6.5209475]
[13.388439   6.4788594]
[13.405465   7.0663204]
[13.560037  9.1039  ]
[13.382792 11.036693]
[13.436581 12.540214]
[12.990649  13.4660845]
[13.582542 12.334736]
[13.606058 11.847195]
[13.634   10.90125]
[13.577617  8.963918]
[13.485802   6.3392124]
[13.438784  4.611066]
[13.4648905  3.4345746]
[13.371376   3.1577501]
[13.51682    2.9438975]
[13.380482  3.303334]
[13.37957    3.1595788]
[13.2679205  4.0604243]
[13.088653   5.9318047]
[13.1452265  8.25586  ]
[12.429067 10.610524]
[12.554212 11.503703]
[12.47857  12.438565]
[11.8258505 11.838595 ]
[12.120861 11.364139]
[11.842055 10.188634]
[12.035547  9.16144 ]
[12.195762   7.5254555]
[12.475926   6.2691936]
[12.354684   3.8919291]
[12.629185  3.23261 ]
[12.717027   2.0731945]
[12.754244   2.1259634]
[12.800396  2.180023]
[13.493675  2.488923]
[13.421124   2.4608152]
[13.56878    1.9463925]
[13.353367   2.8044078]
[13.3279295  1.9128518]
[13.374542   1.4529572]
[13.720299   0.9546714]
[13.473561   1.5698744]
[13.397691   3.4929125]
[13.244895   7.9212136]
[13.387489 11.819408]
[13.534249 13.508848]
[11.510605 13.55304 ]
[13.863951 13.404129]
[13.772466 13.561399]
[13.450481 11.36856 ]
[13.615582  9.666545]
[13.277156   7.2324085]
[13.49258    4.8230195]
[13.497093  4.654094]
[13.423344  4.458068]
[13.365732   4.8175416]
[12.372932   5.5830398]
[12.547392   6.6308312]
[12.602193  8.14336 ]
[12.634779 10.283427]
[12.621161 11.743825]
[12.305913  12.2337885]
[12.200517 12.533564]
[12.057508 11.338325]
[12.169474 10.89816 ]
[12.504065  9.389461]
[12.85156    7.6892557]
[12.7489395  6.553293 ]
[12.985811  4.117599]
[12.753084  3.73413 ]
[12.9226265  3.2080572]
[13.278078   3.1880739]
[13.727633  3.066577]
[13.758385  2.7706  ]
[13.8258095  3.0347178]
[13.630713   2.9126434]
[13.833589   2.9719818]
[13.590386   2.8944266]
[13.793181   2.4778988]
[13.676393   3.7151082]
[13.647289  6.577084]
[13.69004  11.197419]
[13.5749855 12.841505 ]
[12.981831 13.762622]
[13.907939 13.522419]
[13.718017 11.90509 ]
[13.845696 10.410196]
[13.852922  7.548534]
[13.827977  5.144385]
[13.786474   3.3515198]
[13.899358   3.1162307]
[13.763561   3.4031281]
[13.775129  3.135385]
[13.763113   3.9363403]
[12.650405   4.8613167]
[12.418752  6.539461]
[12.479791  8.058899]
[12.2525625  9.872097 ]
[12.287692 10.813679]
[12.222874 11.753964]
[12.073621 12.317746]
[12.0194845 11.750622 ]
[12.153337 11.281641]
[12.237242 10.167548]
[12.738087  8.536138]
[12.714943  7.521237]
[12.84058  5.77489]
[12.764271  5.249385]
[13.308561  5.825556]
[13.277589  6.261233]
[13.340365   6.6877456]
[13.169993  6.319551]
[13.197504   6.4807386]
[13.171638  6.690625]
[13.191787   6.8068585]
[13.101295   7.3321047]
[13.330607  9.649032]
[13.22022  11.714927]
[13.277683 12.961191]
[12.171427 13.487786]
[13.48378  12.590034]
[13.675498 11.882279]
[13.578166 10.632625]
[13.261154   8.3334255]
[13.310002   7.0722904]
[13.305243   5.3780513]
[13.431369  4.053111]
[13.585317   5.0987034]
[13.495727   4.9500084]
[13.281588  5.488706]
[12.197824  6.153779]
[12.375492   7.5013285]
[12.434714  9.426013]
[12.537163 10.940578]
[12.436645 11.433002]
[12.038364 11.346042]
[11.95175  11.933297]
[11.766707 12.09615 ]
[12.174102 10.358431]
[12.4646635  8.670702 ]
[12.724497  6.716805]
[12.5984535  5.8105874]
[12.975664  3.336684]
[12.570753   2.5629814]
[13.093053   2.4683077]
[13.326623   2.6256187]
[13.430065  2.362931]
[13.394439   2.4725575]
[13.627619   2.3073025]
[13.680979   1.3817583]
[13.728241   2.0965114]
[13.796523   1.4494295]
[13.893891    0.79947793]
[13.838367   0.6482776]
[13.48449    0.7595364]
[13.518896   0.5003643]
[13.591039   0.3550658]
[13.79965     0.42715552]
[13.572815   0.7820111]
[13.378175  4.706732]
[13.350879  9.580898]
[13.514214 12.935117]
[12.955825 14.114907]
[13.493224 12.908594]
[13.631412  12.2424755]
[13.567262  9.875375]
[13.329147   7.8590865]
[13.451934  6.482071]
[12.45583    5.9116473]
[12.483032   6.4845223]
[12.379201   7.4747047]
[12.089406  8.824183]
[12.021553  9.68074 ]
[12.069622 10.449437]
[11.973207 11.181566]
[12.169941 11.650481]
[12.245279 11.991746]
[12.345463 12.080791]
[12.607602 11.508513]
[12.597357 11.786184]
[12.428459 11.847203]
[12.920945 12.455658]
[12.191298 12.830331]
[13.050353  12.2570305]
[13.462745 13.160977]
[13.190937 12.574035]
[13.1981735 12.617537 ]
[13.321509 12.026105]
[13.519274 11.0651  ]
[13.437879 10.481311]
[13.628364 10.282763]
[13.506763 10.680384]
[13.65568  10.302676]
[13.83005  11.183554]
[13.635755 10.97939 ]
[13.713739 11.896409]
[13.486123 13.076029]
[13.007673 13.456419]
[13.550083 12.587318]
[13.380778 11.406113]
[13.522861  8.565106]
[13.516515   6.1494923]
[13.749169  5.81321 ]
[13.53442   5.653992]
[12.686007   5.9454923]
[12.67331    5.8552403]
[12.4589405  6.3848677]
[12.544142  8.678729]
[12.378087  9.988128]
[12.120957 11.182812]
[12.058718 11.888439]
[12.1477785 12.336868 ]
[12.143916 10.956515]
[12.435947  9.694931]
[12.69333    7.5292034]
[12.595535  6.366106]
[12.908398  3.275451]
[12.708757   2.2544312]
[13.020532   2.3986862]
[13.30945  2.60151]
[13.6203165  2.1700265]
[13.656043   2.2085564]
[13.644061   2.3748558]
[13.559178  1.466227]
[13.674376   1.3749235]
[13.596096   0.8906305]
[13.757117    0.43539953]
[13.545068    0.21387905]
[13.626469  0.576388]
[13.640689   1.6997814]
[13.635789   4.0980854]
[13.741987   7.1647673]
[13.468029  9.002164]
[13.2612705 12.98501  ]
[11.843026 13.932462]
[13.065473 13.515532]
[13.339937 12.306015]
[13.234301  9.604013]
[13.523     7.122906]
[13.549584   5.2666254]
[13.464884   5.1298327]
[13.424815   5.0235815]
[12.703739  5.304355]
[12.666027  5.609426]
[12.502268   6.3514338]
[12.178354  8.16354 ]
[12.213084  9.233662]
[12.202819 10.309072]
[12.40978  11.231479]
[12.645485 12.087892]
[12.7897   12.459579]
[12.496874 12.580036]
[12.25976  10.980947]
[12.479463 10.333539]
[12.626028  8.469648]
[12.831229  7.121678]
[13.319994  5.840404]
[13.42858    5.3640823]
[13.535119  5.616363]
[13.588787  5.038309]
[13.373562  4.613062]
[13.277339   3.5996594]
[13.545712   2.3730783]
[13.488466  2.269705]
[13.640304   2.9045892]
[13.592453  4.3248  ]
[13.615022   6.8966975]
[13.621697  9.006422]
[13.681252 10.57483 ]
[13.718259 12.624828]
[12.885047 13.700937]
[13.570708 12.800639]
[13.800953 10.727946]
[13.639964  8.126838]
[13.328755   5.8535933]
[13.294979  4.899209]
[13.873699  4.272871]
[13.774301   4.9433627]
[12.575043   4.8369937]
[12.562506  5.702267]
[12.521318   6.4409976]
[12.650688  8.451553]
[12.6112795  9.579367 ]
[12.137441  9.69216 ]
[12.199344 10.138628]
[12.280101 10.826569]
[12.471117 11.213034]
[12.690326 11.614884]
[12.813157 11.951714]
[12.614335  12.1882105]
[12.744208 12.013733]
[12.440684 12.138917]
[12.587506 12.680679]
[13.307247 12.940644]
[13.628142 13.405106]
[13.327467 13.030823]
[13.139412 12.325711]
[13.119593 12.115673]
[13.264226 12.682722]
[13.377413 13.20456 ]
[13.373232 12.939543]
[13.492353 12.918903]
[13.610544 13.073465]
[13.227519 12.833135]
[12.478008  12.5953455]
[13.552537 12.736571]
[13.518611 12.109281]
[13.333101 10.29607 ]
[13.486985  9.351655]
[13.584312   7.3422174]
[13.615524  6.134362]
[13.596326  4.359583]
[13.649775   3.2603939]
[13.370788  4.189265]
[13.204119  4.10408 ]
[13.215671   4.4396853]
[12.374419   5.6266255]
[12.355569  7.943827]
[12.466654 10.373563]
[11.956233 10.816173]
[11.997519 11.093841]
[11.708561 11.23135 ]
[11.425363 11.651839]
[12.2141695 10.765615 ]
[12.40188   9.447527]
[12.409324   7.4783645]
[12.480429  5.417709]
[12.689374   3.4886184]
[12.662513  2.258245]
[12.719522  2.016346]
[13.258109   2.8599432]
[13.408196  2.636416]
[13.553452  2.382593]
[13.392368   2.6773264]
[13.500961   1.4248582]
[13.280453   1.0762279]
[13.5099     1.1234381]
[13.500521    0.63636905]
[13.689494  0.797507]
[13.696188   2.0624633]
[13.696332   3.4368622]
[13.682173   5.4036493]
[13.430634  8.495271]
[13.436971 12.212996]
[12.68247 13.82903]
[13.37221  12.759492]
[13.569795 11.387257]
[13.411394  8.539254]
[13.529921  5.473738]
[13.570724   4.3211317]
[13.555463   2.9509485]
[13.396176   3.3993397]
[12.484137   2.5263917]
[12.616908   3.3876872]
[12.725105   4.4416447]
[12.790805   6.8523397]
[12.727523  8.728486]
[12.389275  9.68234 ]
[12.353296 10.583196]
[12.456953 11.512859]
[12.538202 12.349701]
[12.733592  12.5759535]
[12.92434  12.737524]
[12.626864 12.624138]
[12.913174 12.095169]
[12.904945 12.275672]
[12.974852 12.367637]
[13.102851 12.877777]
[11.969467 13.438248]
[13.3457985 12.638672 ]
[13.610112 13.169699]
[13.3094   12.602459]
[13.385388 12.796481]
[13.359422 12.440977]
[13.436631 11.557839]
[13.443659 10.684861]
[13.614533 10.271503]
[13.633696 11.13464 ]
[13.695741 10.74531 ]
[13.894422 11.205554]
[13.674953 10.889773]
[13.473427 12.170255]
[13.527516 13.338033]
[13.146618 13.804322]
[13.493623 13.020329]
[13.362019 11.614819]
[13.554314  9.252793]
[13.583012   6.8546724]
[13.565187  6.51486 ]
[13.557041   6.2748847]
[12.754096  6.974655]
[12.747618   6.9240685]
[12.594371   7.4664965]
[12.233915  8.981062]
[12.121023 10.273639]
[12.007533 11.353455]
[12.163032 12.023638]
[12.395353 12.345528]
[12.495327 12.697216]
[12.109594 10.825321]
[12.526946  9.035074]
[12.53962    6.4965777]
[12.518786  4.233199]
[12.553988  3.068616]
[13.15068    3.1112065]
[13.235307   3.0455844]
[13.332303  2.671421]
[13.315886   1.9645627]
[13.336563   1.2458323]
[13.145583    0.41298482]
[13.259182   -0.26600018]
[13.29387    -0.80322564]
[13.319754    0.12031475]
[13.1450815  1.0886059]
[13.470656   2.2407546]
[13.587684  4.511413]
[13.5815     6.2458043]
[13.334108  9.539273]
[13.248382 11.92814 ]
[12.009848  13.4563055]
[13.295035 12.699223]
[13.336271 10.333859]
[13.554021  8.174474]
[13.542854   6.4737225]
[13.714897   4.9722366]
[13.4217     4.2614627]
[12.424301  4.582951]
[12.846799   4.9476414]
[12.788457  5.93584 ]
[12.74696   7.936117]
[12.549538  9.182191]
[12.213983 10.52202 ]
[12.201137 11.074353]
[12.134372 11.536189]
[12.175155 12.467259]
[12.335947   9.7816725]
[12.745474  7.966654]
[12.57059    6.1254478]
[12.868345  3.209969]
[12.769801   2.2800715]
[13.162893   2.9114015]
[13.431229   2.7769418]
[13.638841   2.5921466]
[13.548573   2.2530837]
[13.668698   2.0553012]
[13.500731   1.5504797]
[13.664311   1.6616389]
[13.607108  1.568831]
[13.703737   0.6206979]
[13.609106    0.09949616]
[13.633222    0.60946834]
[13.703558  0.749648]
[13.836614   0.8957491]
[14.0084915  1.6094106]
[13.778986  2.281776]
[13.539894  5.252619]
[13.477042  9.653614]
[13.198431 12.831056]
[12.847094 13.77486 ]
[13.163628 12.978188]
[13.425171 11.126138]
[13.493949  8.744147]
[13.388263  7.030844]
[13.550109   6.6956544]
[13.374098   7.0041842]
[12.947067   7.3621216]
[12.819698   8.6832075]
[12.458575 10.224995]
[12.296076 10.842944]
[12.149718 11.595468]
[12.257939 12.069154]
[12.440285  12.2967205]
[12.452278  12.4243965]
[12.1583   12.365739]
[12.422522 10.197051]
[12.477226  9.852207]
[12.687804  8.21755 ]
[12.766832  6.217567]
[13.37658   4.742182]
[13.3652525  4.2656374]
[13.455688   4.8847084]
[13.367287   3.0265684]
[13.42744    1.3811443]
[13.3503     0.5564348]
[13.510946   -0.11185273]
[13.420989  -0.0898973]
[13.427351    0.27725914]
[13.22678    1.4209536]
[13.5246725  2.9795706]
[13.600355   4.6646137]
[13.455218  7.57701 ]
[13.349743  9.868787]
[13.111817 11.905927]
[11.814323 13.345327]
[13.463748 12.643376]
[13.587705 10.398832]
[13.853673  8.265877]
[13.974237  6.629684]
[14.070641  5.191892]
[13.821554  4.608549]
[12.555421   5.1426134]
[12.91884    5.3024464]
[12.936758   6.2832956]
[12.8428755  8.019989 ]
[12.686554  9.368714]
[12.396155 10.55815 ]
[12.421668 11.340856]
[12.350425 11.943789]
[12.36283  12.733039]
[12.378381 10.434296]
[12.884458  8.609858]
[12.747431  6.77111 ]
[13.052734  3.761163]
[12.840026   2.5431488]
[13.191491   2.8180768]
[13.3551445  2.6399727]
[13.615547  2.644271]
[13.606895   2.4106882]
[13.696525   2.4358327]
[13.501246   2.2054534]
[13.668471   1.7530603]
[13.539254   1.4576585]
[13.702257  0.518025]
[13.639164    0.16205405]
[13.613324   0.5014816]
[13.828602  1.172729]
[13.89369    1.7889001]
[13.943934  3.531194]
[13.7671585  5.7067857]
[13.509846  9.048803]
[13.61799   12.8515835]
[12.668034  13.7981615]
[13.457321 12.91748 ]
[13.396117 11.748113]
[13.5486145  9.277825 ]
[13.813668   6.7950716]
[13.769648   6.5413136]
[13.833098   6.4969826]
[13.047975   7.1778517]
[12.9922695  7.1400833]
[12.72701   7.567341]
[12.31472   9.023024]
[12.170404 10.329548]
[11.986742  11.3413315]
[12.181425 12.099258]
[12.369756 12.435509]
[12.308114  10.5835285]
[12.282248  9.551341]
[12.525325   6.2497406]
[12.524567   4.4725466]
[12.630588  2.75606 ]
[12.705162  2.702355]
[13.3732395  2.813995 ]
[13.472968   2.7821054]
[13.72513    2.5746806]
[13.492973  2.08492 ]
[13.477726   1.4822387]
[13.280681    0.75571907]
[13.457402    0.33681062]
[13.33113   -0.9017402]
[13.34843     0.09562664]
[13.266319   0.8878803]
[13.602062  2.829834]
[13.712925  4.755719]
[13.592705  8.136477]
[13.564936 10.765296]
[13.138877 13.022841]
[ 9.536367 13.189033]
[13.198849  12.4564295]
[13.337081 12.381655]
[13.764032  9.783417]
[13.895925  8.342645]
[14.049353  7.414394]
[13.855905   6.9164567]
[12.748884  6.633586]
[12.822175   6.4366064]
[12.71125    7.1654615]
[12.567492  9.05692 ]
[12.410348 10.240938]
[12.142226 10.80374 ]
[12.200561 11.365758]
[12.098658  11.7762575]
[12.320003  12.2403345]
[12.605352 12.54913 ]
[12.744196 12.527592]
[12.469141 12.52261 ]
[12.697012 12.178474]
[12.47758 11.95942]
[12.80778  12.320234]
[13.149976 12.37252 ]
[13.643631 12.034104]
[13.668957 11.266424]
[13.73901  11.165623]
[13.2461815 10.283918 ]
[13.519327 10.639921]
[13.4540205 10.220863 ]
[13.524013  9.66724 ]
[13.615616 10.087485]
[13.755948 11.150638]
[13.658465 12.314802]
[13.48112  12.693024]
[13.270001 13.466137]
[13.5995455 11.98863  ]
[13.440292 10.315182]
[13.399603  8.995022]
[13.40352    6.1858006]
[13.615508  5.116245]
[13.607799   4.1335316]
[13.542943   3.4777591]
[13.49433    2.9718928]
[13.251759   2.1384737]
[13.452785  2.661697]
[12.646165   3.3359406]
[12.3777    5.525817]
[12.576159   7.0016217]
[12.394538  8.596541]
[12.166444  9.346374]
[11.871045  9.612731]
[12.061874 10.509593]
[12.379127 11.89138 ]
[12.45554  11.516789]
[12.164418 11.238409]
[12.809817 10.437555]
[12.606417 10.791479]
[12.49784  11.209326]
[12.650122 11.994971]
[12.904513 12.4671  ]
[11.8997555 13.049009 ]
[13.412896 12.467385]
[13.207207 11.36331 ]
[13.126285  10.8564205]
[12.913167  9.469902]
[13.261683  7.799411]
[13.139395  5.67935 ]
[13.343105  4.877844]
[13.195479  4.57034 ]
[13.588505  3.535435]
[13.755713  3.883649]
[13.789056   3.5952213]
[14.154561   5.5852947]
[13.732862  6.584629]
[13.261859  8.929033]
[13.603196 11.570099]
[13.402249 12.474368]
[11.248084 13.467957]
[13.572206 12.255123]
[13.8701105 11.837507 ]
[13.635011 10.063638]
[12.747609   7.9980626]
[12.579662  7.080808]
[12.416649  7.145335]
[12.426804  8.677693]
[12.209879  9.468752]
[11.976252 10.030882]
[11.938359 10.399375]
[11.765381  10.8623905]
[11.918546 11.19501 ]
[11.995453 11.432997]
[12.323801 11.851161]
